167, 116 15395562
147, 116 15395562
127, 116 15395562
107, 116 15395562
87, 116 15395562
67, 116 15395562
47, 116 15395562

167, 135 15395562
147, 135 15395562
127, 135 15395562
107, 135 15395562
87, 135 15395562
67, 135 15395562
47, 135 15395562

167, 155 15395562
147, 155 15395562
127, 155 15395562
107, 155 15395562
87, 155 15395562
67, 155 15395562
47, 155 15395562

167, 175 15395562
147, 175 15395562
127, 175 15395562
107, 175 15395562
87, 175 15395562
67, 175 15395562
47, 175 15395562

167, 195 15395562
147, 195 15395562
127, 195 15395562
107, 195 15395562
87, 195 15395562
67, 195 15395562
47, 195 15395562

167, 215 15395562
147, 215 15395562
127, 215 15395562
107, 215 15395562
87, 215 15395562
67, 215 15395562
47, 215 15395562

167, 235 15395562
147, 235 15395562
127, 235 15395562
107, 235 15395562
87, 235 15395562
67, 235 15395562
47, 235 15395562